119 3
768.6666666666666 266.0 768.6666666666666 264.6666666666667 0 1.25
768.6666666666666 264.6666666666667 766.6666666666666 261.3333333333333 0 1.25
766.6666666666666 261.3333333333333 764.6666666666666 256.6666666666667 0 1.25
764.6666666666666 256.6666666666667 760.6666666666666 246.66666666666666 0 1.25
760.6666666666666 246.66666666666666 756.6666666666666 242.0 0 1.25
756.6666666666666 242.0 754.0 237.33333333333334 0 1.25
754.0 237.33333333333334 747.3333333333334 231.33333333333334 0 1.25
747.3333333333334 231.33333333333334 741.3333333333334 224.0 0 1.25
741.3333333333334 224.0 732.6666666666666 216.0 0 1.25
732.6666666666666 216.0 705.3333333333334 196.66666666666666 0 1.25
705.3333333333334 196.66666666666666 681.3333333333334 178.66666666666666 0 1.25
681.3333333333334 178.66666666666666 664.0 166.66666666666666 0 1.25
664.0 166.66666666666666 656.6666666666666 162.66666666666666 0 1.25
656.6666666666666 162.66666666666666 650.6666666666666 159.33333333333334 0 1.25
650.6666666666666 159.33333333333334 648.6666666666666 158.0 0 1.25
648.6666666666666 158.0 640.6666666666666 156.66666666666666 0 1.25
640.6666666666666 156.66666666666666 622.0 156.66666666666666 0 1.25
622.0 156.66666666666666 604.0 159.33333333333334 0 1.25
604.0 159.33333333333334 584.0 168.0 0 1.25
584.0 168.0 567.3333333333334 178.0 0 1.25
567.3333333333334 178.0 550.0 190.66666666666666 0 1.25
550.0 190.66666666666666 536.6666666666666 206.0 0 1.25
536.6666666666666 206.0 531.3333333333334 210.66666666666666 0 1.25
531.3333333333334 210.66666666666666 521.3333333333334 226.0 0 1.25
521.3333333333334 226.0 514.6666666666666 238.66666666666666 0 1.25
514.6666666666666 238.66666666666666 511.3333333333333 244.0 0 1.25
511.3333333333333 244.0 508.0 257.3333333333333 0 1.25
508.0 257.3333333333333 506.0 270.6666666666667 0 1.25
506.0 270.6666666666667 506.0 276.0 0 1.25
506.0 276.0 506.0 289.3333333333333 0 1.25
506.0 289.3333333333333 507.3333333333333 304.0 0 1.25
507.3333333333333 304.0 509.3333333333333 310.0 0 1.25
509.3333333333333 310.0 517.3333333333334 326.6666666666667 0 1.25
517.3333333333334 326.6666666666667 529.3333333333334 347.3333333333333 0 1.25
529.3333333333334 347.3333333333333 533.3333333333334 353.3333333333333 0 1.25
533.3333333333334 353.3333333333333 537.3333333333334 360.6666666666667 0 1.25
537.3333333333334 360.6666666666667 546.0 374.0 0 1.25
546.0 374.0 552.6666666666666 386.6666666666667 0 1.25
552.6666666666666 386.6666666666667 554.6666666666666 391.3333333333333 0 1.25
554.6666666666666 391.3333333333333 560.0 402.6666666666667 0 1.25
560.0 402.6666666666667 564.6666666666666 413.3333333333333 0 1.25
564.6666666666666 413.3333333333333 565.3333333333334 418.0 0 1.25
565.3333333333334 418.0 568.6666666666666 427.3333333333333 0 1.25
568.6666666666666 427.3333333333333 569.3333333333334 436.6666666666667 0 1.25
569.3333333333334 436.6666666666667 569.3333333333334 440.0 0 1.25
569.3333333333334 440.0 569.3333333333334 446.0 0 1.25
569.3333333333334 446.0 569.3333333333334 448.0 0 1.25
569.3333333333334 448.0 569.3333333333334 452.0 0 1.25
569.3333333333334 452.0 568.6666666666666 458.0 0 1.25
568.6666666666666 458.0 565.3333333333334 465.3333333333333 0 1.25
565.3333333333334 465.3333333333333 561.3333333333334 471.3333333333333 0 1.25
561.3333333333334 471.3333333333333 560.0 473.3333333333333 0 1.25
560.0 473.3333333333333 554.0 478.6666666666667 0 1.25
554.0 478.6666666666667 548.0 484.0 0 1.25
548.0 484.0 536.0 490.6666666666667 0 1.25
536.0 490.6666666666667 530.6666666666666 492.6666666666667 0 1.25
530.6666666666666 492.6666666666667 526.0 494.0 0 1.25
526.0 494.0 524.6666666666666 494.0 0 1.25
524.6666666666666 494.0 524.0 494.0 0 1.25
524.0 494.0 520.6666666666666 494.0 0 1.25
520.6666666666666 494.0 506.6666666666667 488.6666666666667 0 1.25
506.6666666666667 488.6666666666667 485.3333333333333 475.3333333333333 0 1.25
485.3333333333333 475.3333333333333 466.6666666666667 462.0 0 1.25
466.6666666666667 462.0 453.3333333333333 450.6666666666667 0 1.25
453.3333333333333 450.6666666666667 452.0 450.0 0 1.25
452.0 450.0 452.0 448.6666666666667 0 1.25
452.0 448.6666666666667 451.3333333333333 448.0 0 1.25
451.3333333333333 448.0 450.0 446.0 0 1.25
450.0 446.0 448.6666666666667 442.6666666666667 0 1.25
448.6666666666667 442.6666666666667 447.3333333333333 438.6666666666667 0 1.25
447.3333333333333 438.6666666666667 446.6666666666667 435.3333333333333 0 1.25
446.6666666666667 435.3333333333333 446.6666666666667 432.6666666666667 0 1.25
446.6666666666667 432.6666666666667 446.6666666666667 430.6666666666667 0 1.25
446.6666666666667 430.6666666666667 446.6666666666667 428.0 0 1.25
446.6666666666667 428.0 446.6666666666667 426.0 0 1.25
446.6666666666667 426.0 446.6666666666667 422.0 0 1.25
446.6666666666667 422.0 450.0 416.0 0 1.25
450.0 416.0 454.0 408.6666666666667 0 1.25
454.0 408.6666666666667 459.3333333333333 400.0 0 1.25
459.3333333333333 400.0 466.0 391.3333333333333 0 1.25
466.0 391.3333333333333 472.6666666666667 382.6666666666667 0 1.25
472.6666666666667 382.6666666666667 478.6666666666667 376.6666666666667 0 1.25
478.6666666666667 376.6666666666667 487.3333333333333 369.3333333333333 0 1.25
487.3333333333333 369.3333333333333 494.6666666666667 362.6666666666667 0 1.25
494.6666666666667 362.6666666666667 509.3333333333333 355.3333333333333 0 1.25
509.3333333333333 355.3333333333333 516.0 353.3333333333333 0 1.25
516.0 353.3333333333333 523.3333333333334 352.6666666666667 0 1.25
523.3333333333334 352.6666666666667 530.0 351.3333333333333 0 1.25
530.0 351.3333333333333 540.6666666666666 351.3333333333333 0 1.25
540.6666666666666 351.3333333333333 551.3333333333334 351.3333333333333 0 1.25
551.3333333333334 351.3333333333333 571.3333333333334 351.3333333333333 0 1.25
571.3333333333334 351.3333333333333 588.6666666666666 352.0 0 1.25
588.6666666666666 352.0 628.0 358.6666666666667 0 1.25
628.0 358.6666666666667 660.6666666666666 367.3333333333333 0 1.25
660.6666666666666 367.3333333333333 670.6666666666666 370.6666666666667 0 1.25
670.6666666666666 370.6666666666667 682.6666666666666 376.0 0 1.25
682.6666666666666 376.0 690.0 379.3333333333333 0 1.25
690.0 379.3333333333333 699.3333333333334 383.3333333333333 0 1.25
699.3333333333334 383.3333333333333 704.0 385.3333333333333 0 1.25
704.0 385.3333333333333 712.0 390.0 0 1.25
712.0 390.0 714.6666666666666 391.3333333333333 0 1.25
714.6666666666666 391.3333333333333 716.0 392.6666666666667 0 1.25
716.0 392.6666666666667 716.6666666666666 392.6666666666667 0 1.25
716.6666666666666 392.6666666666667 718.0 394.6666666666667 0 1.25
718.0 394.6666666666667 720.0 396.0 0 1.25
720.0 396.0 727.3333333333334 402.0 0 1.25
727.3333333333334 402.0 745.3333333333334 419.3333333333333 0 1.25
745.3333333333334 419.3333333333333 754.0 426.6666666666667 0 1.25
754.0 426.6666666666667 768.6666666666666 440.6666666666667 0 1.25
768.6666666666666 440.6666666666667 776.0 448.0 0 1.25
776.0 448.0 783.3333333333334 456.0 0 1.25
783.3333333333334 456.0 789.3333333333334 462.0 0 1.25
789.3333333333334 462.0 794.6666666666666 466.0 0 1.25
794.6666666666666 466.0 794.6666666666666 466.6666666666667 0 1.25
794.6666666666666 466.6666666666667 795.3333333333334 466.6666666666667 0 1.25
795.3333333333334 466.6666666666667 795.3333333333334 467.3333333333333 0 1.25
795.3333333333334 467.3333333333333 794.6666666666666 467.3333333333333 0 1.25
794.6666666666666 467.3333333333333 794.0 467.3333333333333 0 1.25
794.0 467.3333333333333 794.0 467.3333333333333 0 1.25
37
2 325.0 200.0 775.0 80.0 0 2.5
2 325.0 320.0 375.0 80.0 0 2.5
2 325.0 440.0 175.0 80.0 0 2.5
2 325.0 560.0 75.0 80.0 0 2.5
4 1 350.0 625.0 50.0 0 2.5
1 412.5 520.0 362.5 560.0 0 2.5
2 425.0 560.0 75.0 80.0 0 2.5
4 2 450.0 625.0 50.0 0 2.5
1 412.5 520.0 462.5 560.0 0 2.5
1 512.5 400.0 412.5 440.0 0 2.5
2 525.0 440.0 175.0 80.0 0 2.5
2 525.0 560.0 75.0 80.0 0 2.5
4 3 550.0 625.0 50.0 0 2.5
1 612.5 520.0 562.5 560.0 0 2.5
2 625.0 560.0 75.0 80.0 0 2.5
4 4 650.0 625.0 50.0 0 2.5
1 612.5 520.0 662.5 560.0 0 2.5
1 512.5 400.0 612.5 440.0 0 2.5
1 712.5 280.0 512.5 320.0 0 2.5
2 725.0 320.0 375.0 80.0 0 2.5
2 725.0 440.0 175.0 80.0 0 2.5
2 725.0 560.0 75.0 80.0 0 2.5
4 5 750.0 625.0 50.0 0 2.5
1 812.5 520.0 762.5 560.0 0 2.5
2 825.0 560.0 75.0 80.0 0 2.5
4 6 850.0 625.0 50.0 0 2.5
1 812.5 520.0 862.5 560.0 0 2.5
1 912.5 400.0 812.5 440.0 0 2.5
2 925.0 440.0 175.0 80.0 0 2.5
2 925.0 560.0 75.0 80.0 0 2.5
4 7 950.0 625.0 50.0 0 2.5
1 1012.5 520.0 962.5 560.0 0 2.5
2 1025.0 560.0 75.0 80.0 0 2.5
4 8 1050.0 625.0 50.0 0 2.5
1 1012.5 520.0 1062.5 560.0 0 2.5
1 912.5 400.0 1012.5 440.0 0 2.5
1 712.5 280.0 912.5 320.0 0 2.5
24
3 1060.3999999999999 69.4 10.066666666666666 0 2.5
3 568.4 132.4 10.066666666666666 0 2.5
3 905.4 122.4 10.066666666666666 0 2.5
3 1009.4 116.4 10.066666666666666 0 2.5
3 952.4 123.4 10.066666666666666 0 2.5
3 867.4 72.4 10.066666666666666 0 2.5
3 1068.3999999999999 139.4 10.066666666666666 0 2.5
4 1 1057.3799999999999 72.92333333333333 10.066666666666666 0 2.5
4 2 565.38 135.92333333333335 10.066666666666666 0 2.5
4 3 902.38 125.92333333333333 10.066666666666666 0 2.5
4 4 1006.38 119.92333333333333 10.066666666666666 0 2.5
4 5 949.38 126.92333333333333 10.066666666666666 0 2.5
4 6 864.38 75.92333333333333 10.066666666666666 0 2.5
4 7 1065.3799999999999 142.92333333333335 10.066666666666666 0 2.5
1 1050.4148611155954 70.67858485714936 578.3851388844045 131.12141514285065 0 2.5
1 1052.99741630765 76.22198889294997 1016.8025836923499 109.57801110705005 0 2.5
1 1051.3960996106007 73.90195019469958 961.4039003893992 118.89804980530043 0 2.5
1 578.4622376307501 132.10141728098665 895.3377623692498 122.69858271901336 0 2.5
1 578.2699071560622 130.41941662420157 857.5300928439377 74.38058337579845 0 2.5
1 578.4656802783301 132.54091952389663 1058.3343197216698 139.25908047610338 0 2.5
1 914.925212619842 119.14299181386048 1050.8747873801578 72.65700818613954 0 2.5
1 915.4643888825744 122.6141359336718 942.3356111174255 123.18586406632821 0 2.5
1 999.7843666340874 113.42050797112567 877.0156333659125 75.37949202887434 0 2.5
1 943.767904547827 118.22074272869624 876.0320954521729 77.57925727130377 0 2.5
1
1 550.6666666666666 114.66666666666667 692.0 475.3333333333333 5 2.5
